1 0.11328125 0.059375 0.0421875 0.0466796875
1 0.565625 0.875 0.0720703125 0.0658203125
1 0.73203125 0.5828125 0.0705078125 0.1091796875
1 0.6828125 0.3609375 0.0748046875 0.0841796875
1 0.85625 0.37109375 0.06875 0.0638671875
1 0.378125 0.68671875 0.080859375 0.0765625
0 0.22890625 0.8796875 0.2294921875 0.1685546875
1 0.72578125 0.71171875 0.065625 0.1109375
0 0.88515625 0.21171875 0.1607421875 0.1453125
5 0.40078125 0.5046875 0.1611328125 0.121484375
3 0.44921875 0.2515625 0.0611328125 0.165234375
6 0.9265625 0.671875 0.05625 0.04296875
6 0.58671875 0.93359375 0.0517578125 0.0642578125