1 0.20390625 0.43828125 0.034375 0.0580078125
1 0.25 0.4125 0.0310546875 0.0529296875
1 0.2875 0.4125 0.024609375 0.040625
1 0.18046875 0.4765625 0.0267578125 0.0529296875
1 0.234375 0.62578125 0.0279296875 0.0580078125
1 0.2328125 0.73125 0.0375 0.046875
1 0.246875 0.775 0.030859375 0.040625
1 0.328125 0.728125 0.024609375 0.040625
1 0.64140625 0.55 0.0298828125 0.046875
1 0.69375 0.5703125 0.040625 0.0529296875
1 0.715625 0.49453125 0.024609375 0.0640625
1 0.69921875 0.39453125 0.0234375 0.0640625
1 0.7328125 0.3453125 0.0310546875 0.0591796875
1 0.8078125 0.3859375 0.02265625 0.058984375
1 0.87421875 0.596875 0.040625 0.046875
1 0.80625 0.67578125 0.0279296875 0.040625
1 0.2890625 0.21015625 0.053515625 0.0580078125
1 0.10859375 0.140625 0.0609375 0.046875