1 0.1609375 0.246875 0.041015625 0.0595703125
1 0.22734375 0.44375 0.040625 0.044140625
1 0.278125 0.4375 0.0310546875 0.0373046875
1 0.3 0.5125 0.0345703125 0.055859375
1 0.26171875 0.675 0.0357421875 0.046875
1 0.175 0.759375 0.040625 0.05
1 0.4890625 0.5125 0.0376953125 0.0466796875
1 0.59453125 0.36875 0.038671875 0.04296875
1 0.7375 0.1921875 0.074609375 0.05390625
1 0.7046875 0.4375 0.0314453125 0.0373046875
1 0.71171875 0.484375 0.0357421875 0.04375
1 0.86015625 0.5203125 0.0357421875 0.041015625