1 0.12578125 0.3625 0.0640625 0.0689453125
0 0.1203125 0.5375 0.13125 0.2091796875
1 0.18984375 0.71484375 0.0642578125 0.0794921875
1 0.3140625 0.425 0.0533203125 0.0748046875
1 0.2046875 0.38046875 0.0654296875 0.0732421875
1 0.28671875 0.3 0.054296875 0.066015625
1 0.35078125 0.30078125 0.05625 0.070703125
1 0.665625 0.709375 0.062109375 0.090625
1 0.5078125 0.20625 0.0654296875 0.099609375
1 0.6234375 0.175 0.06875 0.0720703125
1 0.79453125 0.196875 0.058203125 0.068359375
1 0.5890625 0.28984375 0.0625 0.0638671875
5 0.8 0.5828125 0.1095703125 0.1095703125
5 0.81875 0.79921875 0.130859375 0.134375
3 0.4296875 0.790625 0.2029296875 0.1689453125